9554
3606
7645
304
6073
9874
502
7258
7538
9917
2072
9587
4223
6905
212
1791
4632
1426
7495
2204
4236
6894
4067
8614
7040
7364
5014
5516
7307
4704
8870
6144
1928
3137
4333
1045
6029
8206
4867
5632
8770
1724
8545
3315
8996
3316
306
7090
4579
139
9748
7279
4979
6989
3351
7383
2650
3268
6709
275
8424
3267
8300
5862
361
8714
521
1931
4124
5386
2110
8889
2486
4878
4209
6808
4443
7759
837
6421
5807
2477
5194
3727
7496
9449
7293
3934
4673
4200
9451
1883
3265
7047
6729
458
6644
4975
1308
5275
8141
6769
905
7316
4990
1192
6242
648
7755
5721
5585
3461
1822
4870
8919
1762
9692
7747
656
3710
4488
5618
1895
4326
4444
294
73
8834
2371
4506
4309
9024
3431
9620
225
4679
2097
3693
1317
8716
6492
7925
3342
7481
1936
3822
2201
2111
342
5786
7869
9564
3422
5765
1751
9757
4618
5149
8713
957
2186
3880
2319
1820
961
5031
2868
4075
6897
2379
114
2561
736
9481
8694
8272
3569
8434
3031
9507
1136
369
6803
9799
309
2020
1697
7425
9205
3419
7122
2187
7989
464
4084
933
7068
4904
9691
4430
8936
9071
2942
3771
5995
9809
8629
3789
7714
2768
2748
8854
2037
1581
1775
9883
4196
7358
3499
7866
9532
9702
3320
9175
2997
4101
5649
9734
8961
3792
5438
2738
7222
9269
1994
7967
6092
3496
8929
8635
8823
2590
8643
5006
4917
2719
4227
215
3942
8621
9026
1753
5595
1414
1404
4321
7601
4874
6130
8663
8649
906
9340
9750
6174
3915
1350
4216
7168
8981
9993
3559
3655
7814
3997
9264
4422
6233
6258
7721
5221
4497
4307
2463
4690
9374
6976
2550
867
4966
175
3492
1367
7749
5284
6866
4663
2810
1782
9472
9206
4977
2209
6297
7840
6284
2740
4937
7520
6455
6390
4461
6382
3074
7069
6405
9377
9971
1652
2259
3554
177
1109
1597
3228
5205
3908
3065
8708
254
3358
5735
939
5813
9298
9567
3019
3289
2853
283
3705
308
4272
3968
8082
3965
3100
4367
7844
1439
1399
854
9710
4300
2893
1129
9444
3553
608
5344
5197
8364
7438
2972
9864
5921
3798
9972
4462
5858
4543
8886
9732
8565
8773
4342
5355
1001
4635
5180
8440
6611
8606
8188
6100
1123
8791
4064
9911
2645
7900
4693
9849
387
5889
2472
6004
5694
5123
6913
7475
7906
4831
3183
1705
3481
9164
6677
6998
4735
8147
5972
6711
4949
6312
9347
3571
237
4833
895
3272
5885
7602
5304
9660
7023
6237
8369
7277
5572
4610
363
1143
5737
7578
6687
3271
4857
6158
9266
4421
6772
5253
1215
2551
3095
4810
2693
9822
2584
9469
9336
7680
273
8915
2604
174
5053
504
9474
9455
8243
4274
4978
9500
2226
2786
389
6925
950
5810
8340
4440
3430
6009
2293
6887
3344
9382
8353
6143
2687
655
6963
350
2457
8414
7882
7370
1752
8581
5368
4916
7182
829
1997
4318
9758
362
3602
